100
6100 4253
9065 4809
5119 9183
6660 6006
8502 1310
9597 1080
6068 9588
495 167
3031 8947
7275 4699
3220 4378
2296 5412
1207 8157
1143 4755
7207 1833
2651 6455
5384 3652
6083 9157
853 5762
7351 5482
751 7626
4042 1523
8301 8500
9052 1255
5687 7644
2019 1167
1451 9619
6690 7506
8463 827
9076 2137
6287 4251
9794 7146
7073 6228
4899 2041
9151 4806
9559 1294
6747 4371
3823 7601
2033 6205
5822 8526
8008 6860
8055 9178
6925 197
6854 466
8141 7410
4458 8794
942 4849
6836 9326
2396 2161
7923 4197
3740 2249
535 1956
6490 9680
4435 9283
106 9480
5778 6371
1003 9952
9856 3334
7127 6855
1297 6924
1386 8767
4931 4080
1790 7467
9252 9355
6632 3768
1892 2471
5421 4422
2801 4897
8895 5431
170 6480
7208 4354
3402 2024
6934 9314
8289 2543
8605 7189
1609 3664
1723 4777
373 5620
5645 3891
6910 167
2846 2301
6335 6983
7299 3275
1371 6889
5556 1715
4645 5935
592 3715
426 3317
6385 5889
9232 4998
3793 8122
5933 3604
9943 8259
1728 1148
5283 3663
5155 4283
4203 9779
2660 1508
7127 4922
3233 109
